4294967294,0
4294967278,309
4294967279,365
4294967278,575
4294967279,347
4294967278,252
4294967279,364
4294967279,332
4294967279,174
4294967278,300
4294967279,398
4294967279,380
4294967278,531
4294967279,396
4294967278,299
4294967279,378
4294967278,332
4294967279,383
4294967279,235
4294967278,233
4294967279,231
4294967279,227
4294967279,225
4294967278,535
4294967278,298
4294967279,221
4294967278,219
4294967279,376
4294967278,348
4294967279,314
4294967278,570
4294967279,257
4294967278,308
4294967279,389
4294967278,568
4294967278,335
4294967279,371
4294967278,567
4294967278,324
4294967278,357
4294967279,447
4294967278,354
4294967279,348
4294967279,379
4294967278,321
4294967279,340
4294967279,395
4294967278,362
4294967278,541
4294967279,298
4294967278,530
4294967279,338
4294967278,353
4294967279,247
4294967278,303
4294967278,296
4294967278,334
4294967278,295
4294967279,440
4294967278,522
4294967279,303
4294967278,307
4294967279,435
4294967278,562
4294967278,277
4294967279,313
4294967278,275
4294967278,62
4294967278,61
4294967278,60
4294967278,59
4294967278,58
4294967278,350
4294967278,57
4294967278,56
4294967278,55
4294967278,54
4294967278,53
4294967278,52
4294967278,51
4294967279,85
4294967279,84
4294967279,82
4294967279,81
4294967279,80
4294967279,79
4294967279,78
4294967279,77
4294967279,73
4294967279,66
4294967279,356
4294967279,355
4294967279,309
4294967279,432
4294967279,318
4294967279,312
4294967279,308
4294967279,358
4294967279,394
4294967278,352
4294967294,195
4294967294,1014
4294967294,1012
4294967294,1007
4294967294,1006
4294967294,1003
4294967294,1000
4294967294,999
4294967294,998
4294967294,426
4294967294,424
4294967294,18
4294967294,127
4294967294,14
4294967294,126
4294967294,20
4294967294,13
211,11
211,0
4294967279,184
211,10
211,9
211,8
211,7
211,6
4294967278,302
211,5
4294967279,393
4294967279,69
4294967294,197
4294967294,196
4294967294,193
4294967294,192
4294967294,1011
4294967294,1010
4294967294,1005
4294967294,1004
4294967294,997
4294967294,517
4294967294,61
4294967294,30
4294967294,97
4294967294,80
4294967294,527
4294967294,391
4294967294,161
4294967278,179
4294967278,178
4294967279,178
4294967278,176
4294967278,175
4294967294,12
4294967294,182
4294967294,173
4294967294,163
4294967294,162
4294967294,1412
4294967294,5
4294967278,272
4294967279,175
4294967278,271
4294967279,392
4294967279,260
4294967278,327
4294967278,318
4294967278,317
4294967279,65
4294967279,64
4294967279,63
4294967279,61
4294967279,60
4294967279,58
4294967279,56
4294967279,55
4294967279,54
4294967279,53
4294967279,52
4294967279,49
4294967279,48
4294967279,47
4294967279,46
4294967279,45
4294967279,41
4294967279,40
4294967279,39
4294967279,38
4294967279,37
4294967279,36
4294967279,35
4294967279,34
4294967279,33
4294967279,32
4294967279,31
4294967279,28
4294967279,27
4294967279,26
4294967279,24
4294967279,22
4294967279,21
4294967279,19
4294967279,16
4294967279,15
4294967279,14
4294967279,13
4294967279,12
4294967279,301
4294967278,349
4294967279,234
4294967294,6
4294967278,293
4294967278,336
4294967278,132
4294967278,347
4294967278,131
4294967278,130
4294967278,129
4294967278,128
4294967278,127
4294967278,126
4294967278,125
4294967278,124
4294967278,123
4294967278,122
4294967278,346
4294967278,121
4294967278,120
4294967278,326
4294967278,119
4294967278,118
4294967278,283
4294967278,117
4294967278,116
4294967278,115
4294967278,114
4294967278,113
4294967278,383
4294967278,112
4294967278,111
4294967278,110
4294967278,109
4294967278,108
4294967278,107
4294967278,106
4294967278,105
4294967278,104
4294967278,103
4294967278,382
4294967278,102
4294967278,101
4294967278,100
4294967278,571
4294967278,99
4294967278,278
4294967278,98
4294967278,97
4294967278,96
4294967278,95
4294967278,94
4294967278,93
4294967278,92
4294967278,91
4294967278,90
4294967278,89
4294967278,87
4294967278,86
4294967278,85
4294967278,84
4294967278,83
4294967278,374
4294967278,82
4294967278,81
4294967278,80
4294967278,527
4294967278,79
4294967278,78
4294967278,77
4294967278,76
4294967278,75
4294967278,74
4294967278,73
4294967278,72
4294967278,376
4294967278,71
4294967278,70
4294967278,69
4294967278,68
4294967278,67
4294967278,66
4294967278,65
4294967278,64
4294967278,63
4294967278,174
4294967278,260
4294967279,96
4294967279,94
4294967279,91
4294967279,90
4294967279,89
4294967279,87
4294967279,86
4294967279,384
4294967279,83
4294967279,297
4294967279,375
4294967279,366
4294967279,76
4294967279,75
4294967279,74
4294967279,72
4294967279,71
4294967279,70
4294967279,68
4294967279,67
4294967279,62
4294967279,59
4294967279,57
4294967279,51
4294967279,50
4294967279,44
4294967279,43
4294967279,29
4294967279,25
4294967279,11
4294967279,10
4294967279,8
4294967279,7
4294967279,6
4294967279,5
4294967278,285
4294967294,68
4294967294,11
4294967278,158
4294967279,159
4294967278,157
214,4
214,3
214,2
214,1
4294967278,316
4294967279,42
4294967278,543
4294967278,361
4294967278,0
213,6
4294967294,486
4294967278,291
4294967279,264
4294967279,391
213,5
4294967279,30
4294967278,145
4294967279,145
4294967278,144
4294967278,143
213,4
213,3
213,2
213,1
4294967279,140
4294967278,538
4294967279,23
211,4
4294967279,136
211,3
211,2
211,1
4294967278,331
4294967279,372
4294967278,286
4294967279,20
4294967279,286
210,6
4294967279,390
